eos_cli_config_gen: 91.88761377127028
eos_designs: 6.548100242522231
